33007 99402
75786 16679
91480 21939
91760 66111
21445 62504
17229 9518
3164 18198
48347 39920
71114 29994
84719 36404
81857 24283
50665 33362
45916 34229
28027 72981
42425 23890
11190 65412
45563 91064
47075 59960
69629 62182
87237 54167
34448 87286
9843 37681
29967 30187
44787 70103
24945 59052
61186 79531
89782 91501
79964 36470
52878 14315
71921 17622
52158 16616
30956 72112
16705 46444
42636 34878
21847 10944
51194 81092
56553 39224
1329 18080
27103 9758
31737 13603
27993 3005
86290 66167
19740 98433
3155 66576
77889 38752
15703 15221
79050 60094
7037 56928
46877 56976
41498 18167
32388 84410
59465 88815
15104 52332
4674 19157
24846 55755
38553 75630
25021 35706
20473 82311
41566 86019
31197 28834
24325 14786
24181 39167
10380 56352
77343 84343
64913 5221
51630 4122
15271 76873
86536 20697
89240 22087
93263 10646
74288 59399
57567 91116
92548 94797
35937 45868
80365 4999
74586 58340
66539 82802
72320 91252
85883 49309
96658 23660
45763 14032
86298 43170
49144 88624
3387 85576
45791 15465
92328 13739
17703 40593
19454 75606
7256 52691
91833 36859
87614 79894
66382 29953
45307 93034
8120 87607
24574 15681
71110 75396
88921 13547
13708 50768
45237 62437
53931 69641
